cas: 108-88-3
substance_name: Toluene
other_names: Methyl benzene
molecular_formula: C7H8
monoisotopic_mass: 92.06260025656
array_length: 42
mz: [4.0, 5.0, 6.0, 7.0, 8.0, 9.0, 10.0, 11.0, 17.0, 27.0, 37.0, 38.0, 39.0, 40.0, 41.0, 47.0, 50.0, 51.0, 52.0, 53.0, 61.0, 62.0, 63.0, 64.0, 65.0, 66.0, 67.0, 74.0, 75.0, 76.0, 77.0, 78.0, 85.0, 86.0, 87.0, 88.0, 89.0, 90.0, 91.0, 92.0, 93.0, 94.0]
intensities: [0.019781003169972666, 0.008098082587331582, 0.004678754604938202, 0.0024376501356992374, 0.01443532632908146, 0.0017858308704962898, 0.0018042477325031017, 0.10905948673742494, 0.0010427217369154162, 0.004460092498756395, 0.0011528503297370649, 0.014757532904592106, 0.043091516559513855, 0.1982847250310597, 0.0013673697382091251, 0.0010166709330861846, 0.0056988329911344515, 0.06598961802193175, 0.06150696567748267, 0.003080925864373404, 0.0017597863819730003, 0.011784948663603604, 0.040860783038029785, 0.11359226199693988, 0.009763788665122775, 0.1419931083934836, 0.0029668819606029273, 0.0012306390749278857, 0.0028571011981506113, 0.0023204111280020704, 0.0018738716212082164, 0.002955330038721244, 0.0013041559088662572, 0.002362252973037224, 0.0025559463494424007, 0.002049336653446779, 0.0014185555669276725, 0.030686455780008136, 0.018032046751255488, 1.0, 0.3870965240962862, 0.010662974091013647]