cas: 110-82-7
substance_name: Cyclohexane
other_names: -
molecular_formula: C6H12
monoisotopic_mass: 84.09390038484
array_length: 55
mz: [4.0, 5.0, 7.0, 8.0, 10.0, 16.0, 17.0, 18.0, 25.0, 26.0, 27.0, 28.0, 29.0, 30.0, 32.0, 37.0, 38.0, 39.0, 40.0, 41.0, 42.0, 43.0, 44.0, 50.0, 51.0, 52.0, 53.0, 54.0, 55.0, 56.0, 57.0, 58.0, 61.0, 62.0, 63.0, 64.0, 65.0, 66.0, 67.0, 68.0, 69.0, 70.0, 71.0, 74.0, 75.0, 77.0, 78.0, 79.0, 80.0, 82.0, 83.0, 84.0, 85.0, 86.0, 105.0]
intensities: [0.04547980974015828, 0.08115180004497333, 0.07256829395788737, 0.012604577722094128, 0.04380314235922193, 0.004790068796713798, 0.24132466826044738, 1.0, 0.001431955529117415, 0.030569118394432628, 0.15426066501233976, 0.2588320017957146, 0.19526091187749472, 0.044472080634135575, 0.021863084692741237, 0.003232177443783762, 0.010560348312325767, 0.07795192012267825, 0.649151405695736, 0.0687146952161929, 0.8275228553333177, 0.19312936668195788, 0.003886864439348683, 0.008413610692814677, 0.02597020603162075, 0.022139499162621843, 0.009242175729545474, 0.039426043828826654, 0.043926505646552594, 0.41977429171475517, 0.8976022940053936, 0.012219868197440732, 0.0013081410874794747, 0.002510702288204802, 0.0034538533943916337, 0.006237700453719049, 0.0012802922450170123, 0.01034363317317653, 0.00406494721211577, 0.033654855334026304, 0.018715248308044084, 0.24039775863947352, 0.006160503858596293, 0.0014088770200525959, 0.0018351006339056225, 0.0012019210351848135, 0.0075394164863982855, 0.003462397875596216, 0.007599448053615573, 0.001809986621938579, 0.0029415559787827664, 0.04839042536236803, 0.6588104535931194, 0.023771914760056575, 0.0013178084602529934]