cas: 110-54-3
substance_name: Hexane
other_names: n-Hexane
molecular_formula: C6H14
monoisotopic_mass: 86.10955044898
array_length: 82
mz: [10.0, 11.0, 12.0, 13.0, 14.0, 15.0, 16.0, 17.0, 18.0, 19.0, 20.0, 21.0, 22.0, 23.0, 24.0, 25.0, 26.0, 27.0, 28.0, 29.0, 30.0, 31.0, 32.0, 33.0, 34.0, 35.0, 36.0, 37.0, 38.0, 39.0, 40.0, 41.0, 42.0, 43.0, 44.0, 46.0, 47.0, 48.0, 49.0, 50.0, 51.0, 52.0, 53.0, 54.0, 55.0, 56.0, 57.0, 58.0, 59.0, 60.0, 61.0, 62.0, 63.0, 64.0, 65.0, 66.0, 67.0, 68.0, 69.0, 70.0, 71.0, 72.0, 73.0, 74.0, 75.0, 76.0, 77.0, 78.0, 79.0, 80.0, 81.0, 82.0, 83.0, 84.0, 85.0, 86.0, 87.0, 88.0, 89.0, 90.0, 91.0, 92.0]
intensities: [0.004820482571626201, 0.00933473688844476, 0.01038100043604012, 0.011256327790023517, 0.014629508093127248, 0.021881653899448548, 0.03081811261870647, 0.27563384842739047, 1.0, 0.05619385282725564, 0.05682402853210025, 0.03797394014708782, 0.03128893443961822, 0.028824546562917303, 0.0300787101929931, 0.035454143554858424, 0.07219417675124387, 0.5798395847137616, 0.21206910371742096, 0.361473968803694, 0.1624729695494164, 0.037605577881234344, 0.030302006511652588, 0.022606899353406016, 0.012054863041173876, 0.009192806220082882, 0.007096079041191617, 0.024971471639679603, 0.028753017483740765, 0.43326379141064875, 0.2149075366694156, 0.7851757360644489, 0.43660470195999596, 0.39308270914383714, 0.08628566866263285, 0.00889096808957349, 0.014518596935178476, 0.013081715556968437, 0.012247683110457794, 0.016993456054828823, 0.0260131665728047, 0.011337229919331789, 0.016324906647438235, 0.026925017515835547, 0.03872972949861716, 0.2000367768802575, 0.5878511846953514, 0.4803577202546729, 0.03285067146782698, 0.00718130872999231, 0.014803284157418412, 0.01070207122849523, 0.007971247817455625, 0.0074969972947882746, 0.007460309803997092, 0.004321250914606021, 0.0043177212218237036, 0.006126952018693309, 0.0047511151666495225, 0.0046792308818037354, 0.005926386005338484, 0.01599024073323111, 0.0053805668342628305, 0.0033671576584826113, 0.0036576549854792475, 0.0031492218201963945, 0.004094827739299823, 0.003485419188501588, 0.0034448982798670996, 0.00322526752188797, 0.0032503420673006575, 0.003875076844861809, 0.004529858460660061, 0.00590723333911445, 0.007894980717565345, 0.04082128065803503, 0.08633514503139939, 0.007483779186149844, 0.0035965589335858875, 0.002195242925319025, 0.0015235523134873162, 0.001097101076879106]