cas: 110-86-1
substance_name: Pyridine
other_names: 3-Pyridinyl
molecular_formula: C5H5N
monoisotopic_mass: 79.04219916515
array_length: 43
mz: [4.0, 5.0, 6.0, 7.0, 8.0, 9.0, 10.0, 11.0, 12.0, 14.0, 17.0, 18.0, 19.0, 26.0, 27.0, 29.0, 30.0, 31.0, 32.0, 37.0, 38.0, 39.0, 40.0, 41.0, 43.0, 49.0, 50.0, 51.0, 52.0, 53.0, 54.0, 63.0, 64.0, 65.0, 74.0, 75.0, 76.0, 77.0, 78.0, 79.0, 80.0, 81.0, 82.0]
intensities: [0.018439960622296515, 0.007787616824202614, 0.07611827319372423, 0.00249005488898324, 0.0027057449346404162, 0.07585176867000538, 0.0017765038053050347, 0.0017407191113187703, 0.0012498062153626771, 0.0014932510645973079, 0.0015189741282674583, 0.029016837717205358, 0.06030393371821052, 0.010651204143903846, 0.14808390471742455, 0.10154287838364566, 0.023561370735526402, 0.001275393535980367, 0.03400478114910192, 0.02066053506066171, 0.03644847954089886, 0.05608887237835473, 0.10809555939561481, 0.0025643638948522566, 0.0010926939474928384, 0.006892075883292878, 0.07260016133844004, 0.4595849922786185, 0.6060726815741958, 0.7337822952142422, 0.03280645721726611, 0.001440895857432725, 0.001230812293567469, 0.0015688757500366163, 0.004252255880346989, 0.0017290597202360225, 0.010852837265662213, 0.009967860540048761, 0.008136527835987128, 0.1688506581221924, 1.0, 0.026265701103076602, 0.0010048258646362467]