cas: 123-86-4
substance_name: Butyl acetate
other_names: 1-Acetoxybutane; 1-Butyl acetate; Acetic acid, Butyl ester
molecular_formula: C6H12O2
monoisotopic_mass: 116.08372962396
array_length: 48
mz: [4.0, 5.0, 7.0, 9.0, 15.0, 16.0, 17.0, 18.0, 19.0, 27.0, 28.0, 29.0, 30.0, 32.0, 37.0, 38.0, 39.0, 40.0, 41.0, 42.0, 43.0, 44.0, 47.0, 50.0, 51.0, 52.0, 53.0, 54.0, 55.0, 56.0, 57.0, 58.0, 59.0, 61.0, 62.0, 63.0, 68.0, 70.0, 72.0, 73.0, 74.0, 75.0, 80.0, 84.0, 86.0, 87.0, 88.0, 102.0]
intensities: [0.022723490835811613, 0.0525463275346008, 0.019483782831446767, 0.0020402381143660013, 0.0012315705631589392, 0.05005465522172673, 0.01205292398841563, 0.20283347070529073, 0.5037186760161091, 0.01817555325788042, 0.07687659895211336, 0.139903466729785, 0.08931215358381472, 0.02172517620667424, 0.0010340221333863969, 0.0026223159596881164, 0.009451049953214677, 0.11441073779794324, 0.01272775213612735, 0.1796829896794363, 0.06964748565986979, 1.0, 0.0013061852243278084, 0.0017696507136297328, 0.004487074239422263, 0.0031727571347009227, 0.0011932591125408687, 0.0044058448531978985, 0.004412413016427286, 0.06467203649446752, 0.3464017419410107, 0.010568415142170398, 0.004045705187332556, 0.010730019125013509, 0.09736623695789948, 0.0013012911963073347, 0.0014041470541286663, 0.0012129779983854716, 0.004975953030877644, 0.005875180008019733, 0.0732977174070106, 0.0016107244158843621, 0.001015959732017648, 0.002652265143897556, 0.0015995885137577615, 0.0016149251003044361, 0.004730490248972964, 0.0014175995496403344]