cas: 123-91-1
substance_name: 1,4-Dioxane
other_names: 1,4-Diethylenedioxide; 1,4-Dioxacyclohexane
molecular_formula: C4H8O2
monoisotopic_mass: 88.05242949568
array_length: 104
mz: [4.0, 5.0, 6.0, 7.0, 8.0, 9.0, 10.0, 11.0, 12.0, 13.0, 14.0, 15.0, 16.0, 17.0, 18.0, 19.0, 20.0, 21.0, 22.0, 23.0, 24.0, 25.0, 26.0, 27.0, 28.0, 29.0, 30.0, 31.0, 32.0, 33.0, 34.0, 35.0, 36.0, 37.0, 38.0, 39.0, 40.0, 41.0, 42.0, 43.0, 44.0, 45.0, 46.0, 47.0, 48.0, 49.0, 50.0, 51.0, 52.0, 53.0, 54.0, 55.0, 56.0, 57.0, 58.0, 59.0, 60.0, 61.0, 62.0, 63.0, 64.0, 65.0, 67.0, 68.0, 70.0, 71.0, 72.0, 73.0, 74.0, 75.0, 76.0, 77.0, 78.0, 79.0, 80.0, 81.0, 82.0, 83.0, 84.0, 85.0, 86.0, 87.0, 88.0, 89.0, 90.0, 91.0, 92.0, 93.0, 94.0, 95.0, 96.0, 97.0, 98.0, 99.0, 100.0, 101.0, 102.0, 103.0, 104.0, 105.0, 106.0, 107.0, 109.0, 110.0]
intensities: [0.07608822193458, 0.026873058120944992, 0.01999173835577223, 0.02602759312614034, 0.0182052741482854, 0.01789075193076789, 0.02145900243847939, 0.017257988836733868, 0.01691414401648814, 0.01666713811903133, 0.03468859440599874, 0.0957515901097547, 0.04543069055038821, 0.07739868301737751, 0.322632168700719, 0.03343994172973016, 0.02471029340323139, 0.023560271365203306, 0.025695909667799242, 0.029186914970473033, 0.03472926359294479, 0.04350754369273641, 0.09689440206601646, 0.25789580215241753, 0.7895796788748514, 1.0, 0.3035140220261092, 0.16181028260474142, 0.21111537046952927, 0.03435462547920061, 0.031544608810320354, 0.0260886122854409, 0.022895112827767083, 0.02016129482346337, 0.019177355500921197, 0.018160213807716593, 0.01787787262888712, 0.017627843474391475, 0.028875079019306745, 0.0898575288918736, 0.1792804585474457, 0.06823993295016156, 0.03512100135622856, 0.007538363044878328, 0.006603971675448196, 0.006548662768708798, 0.006336829500119445, 0.007816013787960291, 0.0070469538226246775, 0.008219354538537763, 0.009937428727463893, 0.01272371169127174, 0.017664675384192256, 0.0675986563857457, 0.13885894060895151, 0.10593269507425634, 0.004799091939199934, 0.005321593197300774, 0.0035394064685023434, 0.002195531148222477, 0.0017075414638289042, 0.0013300497815787766, 0.0010529411961529718, 0.0011104592072482108, 0.0010863127203071554, 0.0013622668479482348, 0.0011502461965895003, 0.0014132976273210423, 0.0014147410925467653, 0.0015002074555809577, 0.0016657158777984356, 0.001751165110046535, 0.0020196216967851587, 0.00210973789872884, 0.0024691297406921517, 0.0030406311786843896, 0.0036969276498668795, 0.004136785028969962, 0.004644829513466799, 0.006774402769675283, 0.008772931909093411, 0.01647063908203856, 0.07787265641380284, 0.1914604467444299, 0.015539554456221322, 0.009675273561657587, 0.006936093929073865, 0.005005211475093303, 0.004182339364022972, 0.0035798006869186055, 0.003076449266026184, 0.0026068342720772797, 0.002473199452964367, 0.0022017413943573906, 0.002046393801034025, 0.001729291548872528, 0.0017384944931481466, 0.0015383509358652269, 0.0015310480031549211, 0.0012655772963336824, 0.0013225687417237318, 0.0012047185357367356, 0.0011734092424118038, 0.0010521336746656432]