cas: 141-78-6
substance_name: Ethyl acetate
other_names: Ethyl acetic ester; 1-Acetoxyethane
molecular_formula: C4H8O2
monoisotopic_mass: 88.05242949568
array_length: 50
mz: [4.0, 5.0, 7.0, 9.0, 14.0, 15.0, 16.0, 17.0, 18.0, 19.0, 27.0, 28.0, 29.0, 30.0, 31.0, 32.0, 33.0, 37.0, 38.0, 39.0, 40.0, 41.0, 42.0, 43.0, 44.0, 47.0, 50.0, 51.0, 52.0, 53.0, 54.0, 55.0, 56.0, 57.0, 58.0, 59.0, 61.0, 62.0, 69.0, 70.0, 71.0, 72.0, 73.0, 74.0, 82.0, 83.0, 84.0, 86.0, 87.0, 88.0]
intensities: [0.05988933070107139, 0.04071364294300054, 0.004365489656990288, 0.0016359994277278305, 0.0013113960724828865, 0.10289249278472776, 0.06841649912668994, 0.05760864950864697, 0.2283468119004014, 0.7748596453407931, 0.021915240364313422, 0.15831945030620112, 1.0, 0.13340340621083424, 0.0036161285759284665, 0.1502276047136159, 0.09938405721618751, 0.001143951181303567, 0.004210469608709317, 0.013551268060621482, 0.07067908838292722, 0.009381986048325542, 0.08839105788875402, 0.08663621668012954, 0.8172860919179546, 0.0030705912373390704, 0.002343416201359728, 0.0046178660648353844, 0.0017386847128507902, 0.0010923759316571033, 0.002969635128997592, 0.0037810168443359613, 0.03538716018827414, 0.12498300996748017, 0.006555376587942543, 0.001500864912433896, 0.05252608332615964, 0.005684446636783056, 0.002784267123929902, 0.004741080672096737, 0.0035532506584314777, 0.0011187290626046963, 0.02346259130757393, 0.0032468065179369885, 0.001301513484898664, 0.0013936230693740487, 0.0049856976065195645, 0.001926191526052434, 0.002464833811460603, 0.00835475437450517]