cas: 62-53-3
substance_name: Aniline
other_names: 1-Aminobenzene; Aminobenzene
molecular_formula: C6H7N
monoisotopic_mass: 93.05784922929
array_length: 62
mz: [4.0, 5.0, 6.0, 7.0, 8.0, 9.0, 10.0, 11.0, 12.0, 16.0, 17.0, 18.0, 19.0, 26.0, 27.0, 28.0, 29.0, 30.0, 32.0, 34.0, 37.0, 38.0, 39.0, 40.0, 41.0, 42.0, 43.0, 45.0, 47.0, 49.0, 50.0, 51.0, 52.0, 53.0, 54.0, 55.0, 56.0, 57.0, 61.0, 62.0, 63.0, 64.0, 65.0, 66.0, 67.0, 68.0, 69.0, 74.0, 75.0, 76.0, 77.0, 78.0, 79.0, 80.0, 89.0, 90.0, 91.0, 92.0, 93.0, 94.0, 95.0, 96.0]
intensities: [0.014824114968635494, 0.012396101119025178, 0.004779071834808472, 0.0029422731964815906, 0.029205392119572716, 0.0014115768026259196, 0.0010478379008287582, 0.049894149837561616, 0.003919920870432925, 0.0010909731607810294, 0.011550160994847855, 0.06853982328144641, 0.137757663471754, 0.005089120524821136, 0.04398324860229566, 0.024879244834931414, 0.20120993965706463, 0.003210060106958769, 0.01146311037386848, 0.0019369308762508164, 0.010564746478698712, 0.10014245687767248, 0.17477433985285756, 0.3040014449300695, 0.04419962388037963, 0.06432780636241982, 0.0035000932568697426, 0.010505021130945485, 0.031500250113751266, 0.002264543281400601, 0.014492060541696281, 0.07752479767236398, 0.0679660385720415, 0.1085858673700652, 0.01048798054733902, 0.0548988568480887, 0.0012624699655976062, 0.0014108045272513677, 0.008549422917419804, 0.03443761088670171, 0.05253864094184606, 0.09587922423329046, 0.03698701351609274, 0.41757990234905334, 0.543871145495361, 0.03408216031633817, 0.0014225060654180946, 0.004373369323678667, 0.006787481753618303, 0.003600989194964259, 0.006251501767797218, 0.007226013408092881, 0.011389493460213658, 0.001110448121347069, 0.002281911519362377, 0.0011364705477416846, 0.002641855827269887, 0.012581383115330084, 0.18977729207806324, 1.0, 0.03668761892181939, 0.0022226050670164773]