cas: 67-68-5
substance_name: Dimethyl sulfoxide
other_names: Dimethyl sulphoxide; (Methylsulfinyl)methane; DMSO
molecular_formula: C2H6OS
monoisotopic_mass: 78.01393581197999
array_length: 118
mz: [4.0, 5.0, 6.0, 7.0, 8.0, 9.0, 10.0, 11.0, 12.0, 13.0, 14.0, 15.0, 16.0, 17.0, 18.0, 19.0, 20.0, 21.0, 22.0, 23.0, 24.0, 25.0, 26.0, 27.0, 29.0, 30.0, 31.0, 32.0, 33.0, 34.0, 35.0, 36.0, 37.0, 38.0, 39.0, 40.0, 41.0, 42.0, 43.0, 44.0, 45.0, 46.0, 47.0, 48.0, 49.0, 50.0, 51.0, 52.0, 53.0, 54.0, 55.0, 56.0, 57.0, 58.0, 59.0, 60.0, 61.0, 62.0, 63.0, 64.0, 65.0, 66.0, 67.0, 68.0, 69.0, 70.0, 71.0, 72.0, 73.0, 74.0, 75.0, 76.0, 77.0, 78.0, 79.0, 80.0, 81.0, 82.0, 83.0, 84.0, 85.0, 86.0, 87.0, 88.0, 89.0, 90.0, 91.0, 92.0, 93.0, 94.0, 95.0, 96.0, 97.0, 98.0, 99.0, 100.0, 101.0, 102.0, 103.0, 104.0, 105.0, 106.0, 107.0, 108.0, 109.0, 110.0, 111.0, 112.0, 113.0, 114.0, 115.0, 116.0, 117.0, 118.0, 119.0, 120.0, 121.0, 122.0]
intensities: [0.12625634213246692, 0.07319623642575035, 0.08219814428841343, 0.04630742485118981, 0.08344019297219855, 0.056832100796367566, 0.03177666334660833, 0.03126359436480161, 0.03140212096549234, 0.03282808304302724, 0.03639827347778479, 0.07684535108629757, 0.17002263732470077, 0.10919543960492253, 0.27745233473505554, 0.4934382240418728, 0.031600931337972586, 0.015557128694422483, 0.009740482590508488, 0.006711590454154999, 0.005745035783011053, 0.005261578468107865, 0.005762599916756525, 0.013664225916909146, 0.07431195230113663, 0.23441843914840418, 0.05647602339384847, 0.304884162975056, 0.05451972160796218, 0.03890893424197222, 0.03204420567446072, 0.047653537916150845, 0.016735171998903807, 0.017040648304308705, 0.018831340689249142, 0.020625743303359572, 0.023743241629031544, 0.02721840736231199, 0.04256022684799242, 0.05711212753838878, 0.18998068723667494, 0.9219798481114001, 0.15723456774113004, 0.13440358545775488, 0.06850711605928822, 0.023747321417341954, 0.025274083239438385, 0.021984588320739833, 0.021885149947662212, 0.0224817794157192, 0.023136620019039572, 0.025441947419312237, 0.0295215164891779, 0.03189737027490485, 0.03774434025895995, 0.04267822845641081, 0.10263505741989246, 0.18900499919227845, 0.26107944317343457, 1.0, 0.08677590968849247, 0.056942152971961146, 0.032804281250571964, 0.025389344281779355, 0.020818206159808558, 0.01689592474323076, 0.01434076281526333, 0.012040245180386048, 0.010436821645146319, 0.00919671335426612, 0.008137866236197566, 0.007391273775830533, 0.006306995554556655, 0.013283980881498021, 0.24539941674534305, 0.02023687936475489, 0.01451340698127213, 0.0073662722791997225, 0.009922728345674026, 0.011548320717993091, 0.0069719107928080774, 0.010029550686385938, 0.004485885803339126, 0.004140454738289183, 0.0036008950301500684, 0.0032138776427410626, 0.003086232620861354, 0.0030838569025786696, 0.0027736360053936386, 0.002580674279662415, 0.002636607108900505, 0.002633468982288529, 0.0026585015323172837, 0.002236661774128854, 0.0020048544254559608, 0.0021480293760980785, 0.0021401912969655126, 0.0022427049935282543, 0.0018672037794885354, 0.0017702865689720431, 0.0020544875040039066, 0.001791692434731093, 0.0017900263962265163, 0.001167413530799819, 0.0017746264813446682, 0.001354505475396447, 0.0013811169410735719, 0.0014035160118380447, 0.0015591626649049818, 0.001385122755330579, 0.0013262460091498585, 0.0012573026506597434, 0.0014934967288510168, 0.0012381234142790313, 0.0012283061180863358, 0.0010793602282678201, 0.001035859366142867, 0.0010590970786617845]