cas: 67-63-0
substance_name: Propan-2-ol
other_names: 2-Hydroxypropane; 2-Propyl alcohol; Isopropanol; Isopropyl alcohol
molecular_formula: C3H8O
monoisotopic_mass: 60.05751487612
array_length: 32
mz: [4.0, 5.0, 6.0, 7.0, 14.0, 15.0, 16.0, 17.0, 18.0, 19.0, 20.0, 26.0, 27.0, 28.0, 29.0, 30.0, 31.0, 32.0, 37.0, 38.0, 39.0, 40.0, 41.0, 42.0, 43.0, 44.0, 45.0, 46.0, 47.0, 59.0, 60.0, 61.0]
intensities: [0.014153658104561906, 0.015405492178269779, 0.037832469836374547, 0.0011855590492807994, 0.0010165321622575198, 0.024877593160088373, 0.08748226906724033, 0.0063758090704389685, 0.06856873226445857, 0.1861552731999756, 0.04362115701395639, 0.002582214978748275, 0.042524430527240135, 0.12091392845779388, 0.10785191282925342, 0.19759652453931476, 0.0020389661105235184, 0.04909981546028975, 0.001786935235614777, 0.00891343593567415, 0.03513932849749471, 0.0854072270180703, 0.00498130844439463, 0.07145304024749212, 0.047192206323927885, 0.2846992324072698, 0.0923976317317374, 1.0, 0.005813387187308581, 0.0026331936313877587, 0.012895807552389825, 0.001015503281043258]