cas: 67-66-3
substance_name: Chloroform
other_names: Methane trichloride; Methane, trichloro-
molecular_formula: CHCl3
monoisotopic_mass: 117.91438307207
array_length: 45
mz: [4.0, 6.0, 7.0, 8.0, 9.0, 10.0, 11.0, 12.0, 13.0, 14.0, 15.0, 16.0, 17.0, 18.0, 29.0, 30.0, 31.0, 32.0, 33.0, 35.0, 36.0, 37.0, 38.0, 43.0, 47.0, 48.0, 49.0, 50.0, 51.0, 70.0, 72.0, 73.0, 82.0, 83.0, 84.0, 85.0, 86.0, 87.0, 88.0, 117.0, 118.0, 119.0, 120.0, 121.0, 122.0]
intensities: [0.06793374361776315, 0.026168046382411683, 0.0027265226420739785, 0.0032173604993775856, 0.004184050519998804, 0.11833210265724406, 0.002152659219876223, 0.0026358441302970336, 0.0019849468385432405, 0.0014173720711566095, 0.09538106214434654, 0.006934305388479151, 0.01873200945810585, 0.13115711435307897, 0.5513575385676912, 0.019547528600793042, 0.40146584035458216, 0.3813394862033537, 0.14081534850719174, 0.19329894749790172, 0.005416090506829607, 0.010063159376399258, 0.0012169471292088941, 0.0010185400053615043, 0.4108200987225672, 0.19477740865160575, 0.08447370384960469, 0.014333366231852265, 0.007255325034447664, 0.002762493310761923, 0.0017737188660275265, 0.0015114781515756053, 0.028136732726216706, 1.0, 0.02385082271300744, 0.6397590512883706, 0.1378756375028056, 0.043438143936981324, 0.030152428131178837, 0.0027434461580124058, 0.006989227222608691, 0.007813014252304795, 0.00784855720789669, 0.005575336261564335, 0.0016369868758614574]