cas: 68-12-2
substance_name: Dimethylformamide
other_names: Dimethyl formamide; N,N-Dimethylformamide; Formic acid, amide, N,N-dimethyl-; DMF
molecular_formula: C3H7NO
monoisotopic_mass: 73.05276384884999
array_length: 45
mz: [4.0, 5.0, 7.0, 8.0, 9.0, 10.0, 11.0, 12.0, 13.0, 14.0, 15.0, 16.0, 17.0, 18.0, 27.0, 28.0, 29.0, 30.0, 31.0, 32.0, 38.0, 39.0, 40.0, 41.0, 42.0, 43.0, 44.0, 45.0, 47.0, 56.0, 57.0, 58.0, 59.0, 63.0, 72.0, 73.0, 74.0, 75.0, 76.0, 78.0, 79.0, 91.0, 92.0, 93.0, 105.0]
intensities: [0.06239401428373557, 0.07199481826711308, 0.005587811835558315, 0.006306762761395633, 0.06103449676680795, 0.0026765723774956032, 0.002958930705544724, 0.0019391367055385, 0.0025782036130528644, 0.0018621197678685766, 0.1925846758544364, 0.007173742934316144, 0.15006280556936952, 1.0, 0.00675612951980923, 0.3357298058582204, 0.6792271212910231, 0.3312588889323499, 0.1900474111471928, 0.046847112598045124, 0.006963168204908046, 0.008828353073875623, 0.0408292417752297, 0.054821310003806814, 0.6382452033779967, 0.22725188104590557, 0.42836258579879655, 0.3280831956654372, 0.0016453971544037223, 0.004798496771407851, 0.005092877535503889, 0.013015726905299915, 0.0103956673855962, 0.004614915200320161, 0.018480464081129754, 0.20915877868360297, 0.8359310507876003, 0.011033509906252199, 0.0010699670928296747, 0.0027199660328349863, 0.0016996295435788872, 0.0010600145803035578, 0.004459053421901231, 0.0014354293793555461, 0.002212381263305992]