cas: 71-43-2
substance_name: Benzene
other_names: -
molecular_formula: C6H6
monoisotopic_mass: 78.04695019242
array_length: 32
mz: [4.0, 5.0, 6.0, 7.0, 8.0, 9.0, 10.0, 11.0, 17.0, 18.0, 27.0, 37.0, 38.0, 39.0, 40.0, 49.0, 50.0, 51.0, 52.0, 53.0, 61.0, 62.0, 63.0, 64.0, 74.0, 75.0, 76.0, 77.0, 78.0, 79.0, 80.0, 81.0]
intensities: [0.012036898826957566, 0.00855966932736299, 0.02352817453042652, 0.0014361621434733967, 0.002784754373422434, 0.08680025321276294, 0.0012783588817045141, 0.0010916937347428732, 0.01038130040824883, 0.06651288619620643, 0.029200646877503324, 0.0048478023698272504, 0.058968256765063176, 0.07598741613558625, 0.13489544552495966, 0.0018037753822881292, 0.03115323343329512, 0.2685764733472417, 0.22850117980877746, 0.1434460032502226, 0.0011429173912504407, 0.003897011210832333, 0.006461473551416305, 0.03616886489292279, 0.007322896822956664, 0.020919480395211812, 0.011316177066449946, 0.06279560366858375, 0.3882078013642061, 1.0, 0.033210593563935076, 0.0017212516956082466]