cas: 75-52--5
substance_name: Nitromethane
other_names: Methane, nitro-
molecular_formula: CH3NO2
monoisotopic_mass: 61.01637834013
array_length: 95
mz: [4.0, 5.0, 6.0, 7.0, 8.0, 9.0, 10.0, 11.0, 12.0, 13.0, 14.0, 15.0, 16.0, 17.0, 18.0, 19.0, 20.0, 21.0, 22.0, 23.0, 24.0, 25.0, 26.0, 27.0, 29.0, 30.0, 31.0, 32.0, 33.0, 34.0, 35.0, 36.0, 37.0, 38.0, 39.0, 40.0, 41.0, 42.0, 43.0, 44.0, 45.0, 46.0, 47.0, 48.0, 49.0, 50.0, 51.0, 52.0, 53.0, 54.0, 55.0, 56.0, 57.0, 58.0, 59.0, 61.0, 62.0, 63.0, 64.0, 65.0, 66.0, 67.0, 68.0, 69.0, 70.0, 71.0, 72.0, 73.0, 74.0, 75.0, 76.0, 77.0, 78.0, 79.0, 80.0, 81.0, 82.0, 83.0, 84.0, 85.0, 86.0, 87.0, 88.0, 89.0, 90.0, 91.0, 92.0, 93.0, 94.0, 95.0, 96.0, 98.0, 99.0, 100.0, 101.0]
intensities: [0.12689337913969767, 0.0351573759920543, 0.055284192017363926, 0.04170569603931836, 0.029120808572510374, 0.0260289121791439, 0.025556557981555157, 0.025316577583294267, 0.026110143042973114, 0.027550765477714796, 0.030591391255592223, 0.056023682063312354, 0.1875407540214912, 0.05768941238173947, 0.28243042726046935, 0.4491168500836016, 0.02219284062075159, 0.013518016683559925, 0.01325891323999113, 0.015647165549765935, 0.01847469489446809, 0.022081904393729666, 0.026865454691168376, 0.03277710252355019, 0.18609106748100204, 1.0, 0.5423873991056302, 0.06817809901348929, 0.029819830462097026, 0.026005861866186242, 0.018745130834736987, 0.013980292977206763, 0.011156264756508537, 0.008703001485417751, 0.009119459568015903, 0.008169202788360514, 0.0077779005717457, 0.014654094893479819, 0.020611375660211404, 0.11176681867511144, 0.18570510979382812, 0.10238538912247087, 0.2838116786347838, 0.01940115550121094, 0.013144114624736487, 0.010449922808694192, 0.008134535271703514, 0.008006078996290278, 0.006453370649059382, 0.005407512564554176, 0.004244465218726007, 0.005004339851521536, 0.004000893627713035, 0.003244352841495526, 0.0020194849416827415, 0.02690589208469761, 0.18849323038173824, 0.0067970471753514075, 0.005371822346577093, 0.004370191105761065, 0.003766381654693145, 0.0034535092555253617, 0.0036771673773918477, 0.0034768022088167367, 0.0031742992125409746, 0.002438264894306725, 0.002921596127081469, 0.0023123184679219562, 0.002472063535870225, 0.0020663501024018693, 0.0018280078551336668, 0.0023488012329762587, 0.0022328143761708697, 0.001957367520332133, 0.0020080583830981865, 0.001542612057972599, 0.0014900647366774883, 0.001413335729890691, 0.0018277329198577014, 0.0016143672938018726, 0.0016306890273227613, 0.001308542997358228, 0.001411415405308498, 0.0012116325108022662, 0.0011337536979096213, 0.001276936201581666, 0.001512951825664813, 0.001211352098535722, 0.0010118448269452417, 0.0011259146405372426, 0.0010883137611265425, 0.001014837145762726, 0.0010213297079226605, 0.0011039791364394693, 0.0012012560384906878]